
<!-- saved from url=(0040)http://localhost/Politicos/deputados.php -->
<html><head><meta http-equiv="Content-Type" content="text/html; charset=UTF-8"></head><body data-pinterest-extension-installed="cr2.0.5"><h2>Requisição</h2><pre>POST /SitCamaraWS/Deputados.asmx?wsdl HTTP/1.1 HTTP/1.0
Host: www.camara.leg.br
User-Agent: NuSOAP/0.9.5 (1.123)
Content-Type: text/xml; charset=ISO-8859-1
SOAPAction: ""
Content-Length: 478

&lt;?xml version="1.0" encoding="ISO-8859-1"?&gt;&lt;SOAP-ENV:Envelope SOAP-ENV:encodingStyle="http://schemas.xmlsoap.org/soap/encoding/" xmlns:SOAP-ENV="http://schemas.xmlsoap.org/soap/envelope/" xmlns:xsd="http://www.w3.org/2001/XMLSchema" xmlns:xsi="http://www.w3.org/2001/XMLSchema-instance" xmlns:SOAP-ENC="http://schemas.xmlsoap.org/soap/encoding/"&gt;&lt;SOAP-ENV:Body&gt;&lt;ns1777:ObterDeputados xmlns:ns1777="http://tempuri.org"&gt;&lt;/ns1777:ObterDeputados&gt;&lt;/SOAP-ENV:Body&gt;&lt;/SOAP-ENV:Envelope&gt;</pre><h2>Resposta</h2><pre>HTTP/1.1 403 Forbidden
Date: Thu, 16 Feb 2017 12:46:23 GMT
Server: Apache
Vary: accept-language,accept-charset,User-Agent
Accept-Ranges: bytes
Transfer-Encoding: chunked
Content-Type: text/html; charset=iso-8859-1
Content-Language: pt-br

&lt;!DOCTYPE html PUBLIC "-//W3C//DTD XHTML 1.0 Transitional//EN" "http://www.w3.org/TR/xhtml1/DTD/xhtml1-transitional.dtd"&gt;
&lt;html xmlns="http://www.w3.org/1999/xhtml" lang="pt-br" xml:lang="pt-br"&gt;
&lt;head&gt;
&lt;meta http-equiv="Content-Type" content="text/html; charset=ISO-8859-1" /&gt;
&lt;title&gt;Erro de acesso&lt;/title&gt;
&lt;link rev="made" href="mailto:seseg.cenin@camara.gov.br" /&gt;
&lt;link href="http://www.camara.leg.br/proxy-error/pageError.css" rel="stylesheet" type="text/css" /&gt;
&lt;/head&gt;
&lt;body&gt;
	&lt;div id="geralError"&gt;
		&lt;div id="barraCamara"&gt;&lt;/div&gt;
		&lt;div class="contentError"&gt;
			&lt;div class="atencao"&gt;
				&lt;h1&gt;Desculpe-nos!&lt;/h1&gt;
			&lt;/div&gt;
			&lt;div class="conteudo"&gt;

	&lt;div class="conteudoBox"&gt;
		&lt;p&gt;Nossos sistemas autom&amp;aacute;ticos de seguran&amp;ccedil;a impediram que a opera&amp;ccedil;&amp;atilde;o fosse conclu&amp;iacute;da.&lt;p&gt;
		&lt;p&gt;Isso pode ocorrer quando voc&amp;ecirc; copia dados de outros sites e eles v&amp;ecirc;m com conte&amp;uacute;dos n&amp;atilde;o permitidos.&lt;p&gt;
		&lt;p&gt;Voc&amp;ecirc; pode &lt;a href="javascript:history.back()" title="voltar..."&gt;voltar&lt;/a&gt;, revisar o que estava fazendo e tentar novamente.&lt;p&gt;
	&lt;/div&gt;
&lt;div class="conteudoBox"&gt;
	&lt;h2&gt;Ajude-nos a oferecer um melhor servi&amp;ccedil;o...&lt;/h2&gt;
	
	&lt;p&gt;Envie um e-mail para 
	&lt;a href="mailto:ceace.cenin@camara.gov.br?Subject=Seguranca%20de%20Rede%20-%20Erro%20de%20Acesso"&gt;
	ceace.cenin@camara.gov.br&lt;/a&gt;, contendo:&lt;p&gt;
	&lt;ul&gt;
	&lt;li&gt;A descri&amp;ccedil;&amp;atilde;o da opera&amp;ccedil;&amp;atilde;o que voc&amp;ecirc; estava fazendo.&lt;/li&gt;
	&lt;li&gt;As informa&amp;ccedil;&amp;otilde;es sobre o erro, mostradas abaixo (copie e cole no corpo do e-mail):&lt;/li&gt;
	&lt;/ul&gt;
	&lt;form&gt;
		&lt;textarea rows="8" wrap="virtual" onfocus="this.select()" onclick="this.select()" readonly="readonly"&gt;
Erro: 403
Servidor: www.camara.leg.br
Quando: Thursday, 16-Feb-2017 10:46:23 BRST
Tipo: Erro de acesso 
ID: WKWfH38AAAEAADdwGwsAAAHV 
URL: /SitCamaraWS/Deputados.asmx 

&lt;/textarea&gt;
	&lt;/form&gt;
&lt;/div&gt;

&lt;address&gt;
  &lt;a href="/"&gt;www.camara.leg.br&lt;/a&gt;&lt;br /&gt;
&lt;/address&gt;
			&lt;/div&gt;
		&lt;/div&gt;		
	&lt;/div&gt;

&lt;/body&gt;
&lt;/html&gt;

</pre><h2>Debug</h2><pre>2017-02-16 12:46:23.861751 nusoap_client: ctor wsdl= timeout=0 response_timeout=30
endpoint=string(65) "http://www.camara.leg.br/SitCamaraWS/Deputados.asmx?wsdl HTTP/1.1"
2017-02-16 12:46:23.862251 nusoap_client: instantiate SOAP with endpoint at http://www.camara.leg.br/SitCamaraWS/Deputados.asmx?wsdl HTTP/1.1
2017-02-16 12:46:23.862506 nusoap_client: call: operation=ObterDeputados, namespace=http://tempuri.org, soapAction=, rpcParams=, style=rpc, use=encoded, endpointType=soap
params=array(0) {
}
headers=bool(false)
2017-02-16 12:46:23.862679 nusoap_client: serializing param array for operation ObterDeputados
2017-02-16 12:46:23.862836 nusoap_client: wrapping RPC request with encoded method element
2017-02-16 12:46:23.863042 nusoap_client: In serializeEnvelope length=81 body (max 1000 characters)=&lt;ns1777:ObterDeputados xmlns:ns1777="http://tempuri.org"&gt;&lt;/ns1777:ObterDeputados&gt; style=rpc use=encoded encodingStyle=http://schemas.xmlsoap.org/soap/encoding/
2017-02-16 12:46:23.863231 nusoap_client: headers:
bool(false)
2017-02-16 12:46:23.863416 nusoap_client: namespaces:
array(0) {
}
2017-02-16 12:46:23.863698 nusoap_client: endpoint=http://www.camara.leg.br/SitCamaraWS/Deputados.asmx?wsdl HTTP/1.1, soapAction=, namespace=http://tempuri.org, style=rpc, use=encoded, encodingStyle=http://schemas.xmlsoap.org/soap/encoding/
2017-02-16 12:46:23.863847 nusoap_client: SOAP message length=478 contents (max 1000 bytes)=&lt;?xml version="1.0" encoding="ISO-8859-1"?&gt;&lt;SOAP-ENV:Envelope SOAP-ENV:encodingStyle="http://schemas.xmlsoap.org/soap/encoding/" xmlns:SOAP-ENV="http://schemas.xmlsoap.org/soap/envelope/" xmlns:xsd="http://www.w3.org/2001/XMLSchema" xmlns:xsi="http://www.w3.org/2001/XMLSchema-instance" xmlns:SOAP-ENC="http://schemas.xmlsoap.org/soap/encoding/"&gt;&lt;SOAP-ENV:Body&gt;&lt;ns1777:ObterDeputados xmlns:ns1777="http://tempuri.org"&gt;&lt;/ns1777:ObterDeputados&gt;&lt;/SOAP-ENV:Body&gt;&lt;/SOAP-ENV:Envelope&gt;
2017-02-16 12:46:23.863987 nusoap_client: transporting via HTTP
2017-02-16 12:46:23.865750 nusoap_client: sending message, length=478
2017-02-16 12:46:23.864247 soap_transport_http: ctor url=http://www.camara.leg.br/SitCamaraWS/Deputados.asmx?wsdl HTTP/1.1 use_curl= curl_options:
array(0) {
}
2017-02-16 12:46:23.864462 soap_transport_http: parsed URL scheme = http
2017-02-16 12:46:23.864631 soap_transport_http: parsed URL host = www.camara.leg.br
2017-02-16 12:46:23.864759 soap_transport_http: parsed URL path = /SitCamaraWS/Deputados.asmx
2017-02-16 12:46:23.864898 soap_transport_http: parsed URL query = wsdl HTTP/1.1
2017-02-16 12:46:23.865129 soap_transport_http: set header Host: www.camara.leg.br
2017-02-16 12:46:23.865326 soap_transport_http: set header User-Agent: NuSOAP/0.9.5 (1.123)
2017-02-16 12:46:23.865483 soap_transport_http: set header Content-Type: text/xml; charset=ISO-8859-1
2017-02-16 12:46:23.865604 soap_transport_http: set header SOAPAction: ""
2017-02-16 12:46:23.865937 soap_transport_http: entered send() with data of length: 478
2017-02-16 12:46:23.866123 soap_transport_http: connect connection_timeout 0, response_timeout 30, scheme http, host www.camara.leg.br, port 80
2017-02-16 12:46:23.866270 soap_transport_http: calling fsockopen with host www.camara.leg.br connection_timeout 0
2017-02-16 12:46:23.923061 soap_transport_http: set response timeout to 30
2017-02-16 12:46:23.923378 soap_transport_http: socket connected
2017-02-16 12:46:23.923579 soap_transport_http: set header Content-Length: 478
2017-02-16 12:46:23.923756 soap_transport_http: HTTP request: POST /SitCamaraWS/Deputados.asmx?wsdl HTTP/1.1 HTTP/1.0
2017-02-16 12:46:23.923956 soap_transport_http: HTTP header: Host: www.camara.leg.br
2017-02-16 12:46:23.924163 soap_transport_http: HTTP header: User-Agent: NuSOAP/0.9.5 (1.123)
2017-02-16 12:46:23.924380 soap_transport_http: HTTP header: Content-Type: text/xml; charset=ISO-8859-1
2017-02-16 12:46:23.924602 soap_transport_http: HTTP header: SOAPAction: ""
2017-02-16 12:46:23.924781 soap_transport_http: HTTP header: Content-Length: 478
2017-02-16 12:46:23.925002 soap_transport_http: wrote data to socket, length = 677
2017-02-16 12:46:23.985578 soap_transport_http: read line of 24 bytes: HTTP/1.1 403 Forbidden
2017-02-16 12:46:23.985903 soap_transport_http: read line of 37 bytes: Date: Thu, 16 Feb 2017 12:46:23 GMT
2017-02-16 12:46:23.986102 soap_transport_http: read line of 16 bytes: Server: Apache
2017-02-16 12:46:23.986294 soap_transport_http: read line of 49 bytes: Vary: accept-language,accept-charset,User-Agent
2017-02-16 12:46:23.986474 soap_transport_http: read line of 22 bytes: Accept-Ranges: bytes
2017-02-16 12:46:23.986663 soap_transport_http: read line of 28 bytes: Transfer-Encoding: chunked
2017-02-16 12:46:23.986843 soap_transport_http: read line of 45 bytes: Content-Type: text/html; charset=iso-8859-1
2017-02-16 12:46:23.987013 soap_transport_http: read line of 25 bytes: Content-Language: pt-br
2017-02-16 12:46:23.987182 soap_transport_http: read line of 2 bytes: 
2017-02-16 12:46:23.987360 soap_transport_http: found end of headers after length 248
2017-02-16 12:46:23.987569 soap_transport_http: want to read chunked content
2017-02-16 12:46:23.987780 soap_transport_http: read chunk line of 4 bytes
2017-02-16 12:46:23.987984 soap_transport_http: chunk length 171
2017-02-16 12:46:23.988165 soap_transport_http: read buffer of 171 bytes
2017-02-16 12:46:23.988309 soap_transport_http: read chunk terminator of 2 bytes
2017-02-16 12:46:23.988446 soap_transport_http: read chunk line of 4 bytes
2017-02-16 12:46:23.988579 soap_transport_http: chunk length 17
2017-02-16 12:46:23.988714 soap_transport_http: read buffer of 17 bytes
2017-02-16 12:46:23.988877 soap_transport_http: read chunk terminator of 2 bytes
2017-02-16 12:46:23.989049 soap_transport_http: read chunk line of 4 bytes
2017-02-16 12:46:23.989192 soap_transport_http: chunk length 97
2017-02-16 12:46:23.989368 soap_transport_http: read buffer of 97 bytes
2017-02-16 12:46:23.989537 soap_transport_http: read chunk terminator of 2 bytes
2017-02-16 12:46:23.989671 soap_transport_http: read chunk line of 4 bytes
2017-02-16 12:46:23.989799 soap_transport_http: chunk length 53
2017-02-16 12:46:23.989944 soap_transport_http: read buffer of 53 bytes
2017-02-16 12:46:23.990081 soap_transport_http: read chunk terminator of 2 bytes
2017-02-16 12:46:23.990217 soap_transport_http: read chunk line of 4 bytes
2017-02-16 12:46:23.990361 soap_transport_http: chunk length 46
2017-02-16 12:46:23.990505 soap_transport_http: read buffer of 46 bytes
2017-02-16 12:46:23.990639 soap_transport_http: read chunk terminator of 2 bytes
2017-02-16 12:46:23.990771 soap_transport_http: read chunk line of 3 bytes
2017-02-16 12:46:23.990901 soap_transport_http: chunk length 3
2017-02-16 12:46:23.991056 soap_transport_http: read buffer of 3 bytes
2017-02-16 12:46:23.991214 soap_transport_http: read chunk terminator of 2 bytes
2017-02-16 12:46:23.991346 soap_transport_http: read chunk line of 5 bytes
2017-02-16 12:46:23.991483 soap_transport_http: chunk length 267
2017-02-16 12:46:23.991628 soap_transport_http: read buffer of 267 bytes
2017-02-16 12:46:23.991773 soap_transport_http: read chunk terminator of 2 bytes
2017-02-16 12:46:23.991895 soap_transport_http: read chunk line of 5 bytes
2017-02-16 12:46:23.992016 soap_transport_http: chunk length 434
2017-02-16 12:46:23.992128 soap_transport_http: read buffer of 434 bytes
2017-02-16 12:46:23.992236 soap_transport_http: read chunk terminator of 2 bytes
2017-02-16 12:46:23.992343 soap_transport_http: read chunk line of 5 bytes
2017-02-16 12:46:23.992449 soap_transport_http: chunk length 588
2017-02-16 12:46:23.992568 soap_transport_http: read buffer of 588 bytes
2017-02-16 12:46:23.992761 soap_transport_http: read chunk terminator of 2 bytes
2017-02-16 12:46:23.993003 soap_transport_http: read chunk line of 3 bytes
2017-02-16 12:46:23.993138 soap_transport_http: chunk length 14
2017-02-16 12:46:23.993276 soap_transport_http: read buffer of 14 bytes
2017-02-16 12:46:23.993407 soap_transport_http: read chunk terminator of 2 bytes
2017-02-16 12:46:23.993538 soap_transport_http: read chunk line of 4 bytes
2017-02-16 12:46:23.993660 soap_transport_http: chunk length 26
2017-02-16 12:46:23.993772 soap_transport_http: read buffer of 26 bytes
2017-02-16 12:46:23.993881 soap_transport_http: read chunk terminator of 2 bytes
2017-02-16 12:46:23.994002 soap_transport_http: read chunk line of 4 bytes
2017-02-16 12:46:23.994120 soap_transport_http: chunk length 36
2017-02-16 12:46:23.994261 soap_transport_http: read buffer of 36 bytes
2017-02-16 12:46:23.994374 soap_transport_http: read chunk terminator of 2 bytes
2017-02-16 12:46:23.994483 soap_transport_http: read chunk line of 3 bytes
2017-02-16 12:46:23.994591 soap_transport_http: chunk length 6
2017-02-16 12:46:23.994733 soap_transport_http: read buffer of 6 bytes
2017-02-16 12:46:23.994855 soap_transport_http: read chunk terminator of 2 bytes
2017-02-16 12:46:23.994965 soap_transport_http: read chunk line of 3 bytes
2017-02-16 12:46:23.995074 soap_transport_http: chunk length 15
2017-02-16 12:46:23.995183 soap_transport_http: read buffer of 15 bytes
2017-02-16 12:46:23.995300 soap_transport_http: read chunk terminator of 2 bytes
2017-02-16 12:46:23.995415 soap_transport_http: read chunk line of 3 bytes
2017-02-16 12:46:23.995519 soap_transport_http: chunk length 1
2017-02-16 12:46:23.995624 soap_transport_http: read buffer of 1 bytes
2017-02-16 12:46:23.995726 soap_transport_http: read chunk terminator of 2 bytes
2017-02-16 12:46:23.995831 soap_transport_http: read chunk line of 3 bytes
2017-02-16 12:46:23.995946 soap_transport_http: chunk length 4
2017-02-16 12:46:23.996048 soap_transport_http: read buffer of 4 bytes
2017-02-16 12:46:23.996152 soap_transport_http: read chunk terminator of 2 bytes
2017-02-16 12:46:23.996271 soap_transport_http: read chunk line of 4 bytes
2017-02-16 12:46:23.996400 soap_transport_http: chunk length 25
2017-02-16 12:46:23.996536 soap_transport_http: read buffer of 25 bytes
2017-02-16 12:46:23.996642 soap_transport_http: read chunk terminator of 2 bytes
2017-02-16 12:46:23.996744 soap_transport_http: read chunk line of 3 bytes
2017-02-16 12:46:23.996861 soap_transport_http: chunk length 1
2017-02-16 12:46:23.996981 soap_transport_http: read buffer of 1 bytes
2017-02-16 12:46:23.997113 soap_transport_http: read chunk terminator of 2 bytes
2017-02-16 12:46:23.997217 soap_transport_http: read chunk line of 3 bytes
2017-02-16 12:46:23.997331 soap_transport_http: chunk length 5
2017-02-16 12:46:23.997440 soap_transport_http: read buffer of 5 bytes
2017-02-16 12:46:23.997544 soap_transport_http: read chunk terminator of 2 bytes
2017-02-16 12:46:23.997666 soap_transport_http: read chunk line of 4 bytes
2017-02-16 12:46:23.997761 soap_transport_http: chunk length 28
2017-02-16 12:46:23.997855 soap_transport_http: read buffer of 28 bytes
2017-02-16 12:46:23.997962 soap_transport_http: read chunk terminator of 2 bytes
2017-02-16 12:46:23.998066 soap_transport_http: read chunk line of 3 bytes
2017-02-16 12:46:23.998179 soap_transport_http: chunk length 1
2017-02-16 12:46:23.998307 soap_transport_http: read buffer of 1 bytes
2017-02-16 12:46:23.998444 soap_transport_http: read chunk terminator of 2 bytes
2017-02-16 12:46:23.998638 soap_transport_http: read chunk line of 4 bytes
2017-02-16 12:46:23.998752 soap_transport_http: chunk length 29
2017-02-16 12:46:23.998856 soap_transport_http: read buffer of 29 bytes
2017-02-16 12:46:23.998960 soap_transport_http: read chunk terminator of 2 bytes
2017-02-16 12:46:23.999056 soap_transport_http: read chunk line of 4 bytes
2017-02-16 12:46:23.999159 soap_transport_http: chunk length 25
2017-02-16 12:46:23.999306 soap_transport_http: read buffer of 25 bytes
2017-02-16 12:46:23.999428 soap_transport_http: read chunk terminator of 2 bytes
2017-02-16 12:46:23.999528 soap_transport_http: read chunk line of 4 bytes
2017-02-16 12:46:23.999629 soap_transport_http: chunk length 85
2017-02-16 12:46:23.999732 soap_transport_http: read buffer of 85 bytes
2017-02-16 12:46:23.999830 soap_transport_http: read chunk terminator of 2 bytes
2017-02-16 12:46:23.999921 soap_transport_http: read chunk line of 3 bytes
2017-02-16 12:46:24.000011 soap_transport_http: chunk length 1
2017-02-16 12:46:24.000109 soap_transport_http: read buffer of 1 bytes
2017-02-16 12:46:24.000207 soap_transport_http: read chunk terminator of 2 bytes
2017-02-16 12:46:24.000298 soap_transport_http: read chunk line of 3 bytes
2017-02-16 12:46:24.000385 soap_transport_http: chunk length 0
2017-02-16 12:46:24.000500 soap_transport_http: read body of length 1978
2017-02-16 12:46:24.000617 soap_transport_http: received a total of 2226 bytes of data from server
2017-02-16 12:46:24.000743 soap_transport_http: closed socket
2017-02-16 12:46:24.000853 soap_transport_http: end of send()
2017-02-16 12:46:24.000975 nusoap_client: Error: HTTP Error: Unsupported HTTP response status 403 Forbidden (soapclient-&gt;response has contents of the response)
</pre>Erro<pre>HTTP Error: Unsupported HTTP response status 403 Forbidden (soapclient-&gt;response has contents of the response)</pre>FIM.</body></html>